prediction time: 1.2808685302734375s
accuracy: 0.9566666666666667
efficiency: 0.9770114942528736
purity: 0.9497206703910615
jaccard: 0.9289617486338798

tt: 170  tf: 4  ft: 9  ff: 117