prediction time: 1.296903371810913s
accuracy: 0.9433333333333334
efficiency: 0.9454545454545454
purity: 0.9512195121951219
jaccard: 0.9017341040462428

tt: 156  tf: 9  ft: 8  ff: 127