prediction time: 1.2824642658233643s
accuracy: 0.9566666666666667
efficiency: 0.9770114942528736
purity: 0.9497206703910615
jaccard: 0.9566666666666667
